xof 0303txt 0032
template ColorRGBA {
 <35ff44e0-6c7c-11cf-8f52-0040333594a3>
 FLOAT red;
 FLOAT green;
 FLOAT blue;
 FLOAT alpha;
}

template ColorRGB {
 <d3e16e81-7835-11cf-8f52-0040333594a3>
 FLOAT red;
 FLOAT green;
 FLOAT blue;
}

template Material {
 <3d82ab4d-62da-11cf-ab39-0020af71e433>
 ColorRGBA faceColor;
 FLOAT power;
 ColorRGB specularColor;
 ColorRGB emissiveColor;
 [...]
}

template TextureFilename {
 <a42790e1-7810-11cf-8f52-0040333594a3>
 STRING filename;
}

template Frame {
 <3d82ab46-62da-11cf-ab39-0020af71e433>
 [...]
}

template Matrix4x4 {
 <f6f23f45-7686-11cf-8f52-0040333594a3>
 array FLOAT matrix[16];
}

template FrameTransformMatrix {
 <f6f23f41-7686-11cf-8f52-0040333594a3>
 Matrix4x4 frameMatrix;
}

template Vector {
 <3d82ab5e-62da-11cf-ab39-0020af71e433>
 FLOAT x;
 FLOAT y;
 FLOAT z;
}

template MeshFace {
 <3d82ab5f-62da-11cf-ab39-0020af71e433>
 DWORD nFaceVertexIndices;
 array DWORD faceVertexIndices[nFaceVertexIndices];
}

template Mesh {
 <3d82ab44-62da-11cf-ab39-0020af71e433>
 DWORD nVertices;
 array Vector vertices[nVertices];
 DWORD nFaces;
 array MeshFace faces[nFaces];
 [...]
}

template MeshNormals {
 <f6f23f43-7686-11cf-8f52-0040333594a3>
 DWORD nNormals;
 array Vector normals[nNormals];
 DWORD nFaceNormals;
 array MeshFace faceNormals[nFaceNormals];
}

template MeshMaterialList {
 <f6f23f42-7686-11cf-8f52-0040333594a3>
 DWORD nMaterials;
 DWORD nFaceIndexes;
 array DWORD faceIndexes[nFaceIndexes];
 [Material <3d82ab4d-62da-11cf-ab39-0020af71e433>]
}

template Coords2d {
 <f6f23f44-7686-11cf-8f52-0040333594a3>
 FLOAT u;
 FLOAT v;
}

template MeshTextureCoords {
 <f6f23f40-7686-11cf-8f52-0040333594a3>
 DWORD nTextureCoords;
 array Coords2d textureCoords[nTextureCoords];
}

template XSkinMeshHeader {
 <3cf169ce-ff7c-44ab-93c0-f78f62d172e2>
 WORD nMaxSkinWeightsPerVertex;
 WORD nMaxSkinWeightsPerFace;
 WORD nBones;
}

template SkinWeights {
 <6f0d123b-bad2-4167-a0d0-80224f25fabb>
 STRING transformNodeName;
 DWORD nWeights;
 array DWORD vertexIndices[nWeights];
 array FLOAT weights[nWeights];
 Matrix4x4 matrixOffset;
}

template AnimTicksPerSecond {
 <9e415a43-7ba6-4a73-8743-b73d47e88476>
 DWORD AnimTicksPerSecond;
}

template Animation {
 <3d82ab4f-62da-11cf-ab39-0020af71e433>
 [...]
}

template AnimationSet {
 <3d82ab50-62da-11cf-ab39-0020af71e433>
 [Animation <3d82ab4f-62da-11cf-ab39-0020af71e433>]
}

template FloatKeys {
 <10dd46a9-775b-11cf-8f52-0040333594a3>
 DWORD nValues;
 array FLOAT values[nValues];
}

template TimedFloatKeys {
 <f406b180-7b3b-11cf-8f52-0040333594a3>
 DWORD time;
 FloatKeys tfkeys;
}

template AnimationKey {
 <10dd46a8-775b-11cf-8f52-0040333594a3>
 DWORD keyType;
 DWORD nKeys;
 array TimedFloatKeys keys[nKeys];
}


Material F_Eyes_01 {
 1.000000;1.000000;1.000000;1.000000;;
 10.000000;
 0.000000;0.000000;0.000000;;
 0.000000;0.000000;0.000000;;

 TextureFilename {
  "F_Eyes_01";
 }
}

Material M_Eyes_02 {
 1.000000;1.000000;1.000000;1.000000;;
 10.000000;
 0.000000;0.000000;0.000000;;
 0.000000;0.000000;0.000000;;

 TextureFilename {
  "M_Eyes_02";
 }
}

Material Mat_M_Face_01 {
 1.000000;1.000000;1.000000;1.000000;;
 10.000000;
 0.000000;0.000000;0.000000;;
 0.000000;0.000000;0.000000;;

 TextureFilename {
  "M_Face_01_D.tga";
 }
}

Frame root {
 

 FrameTransformMatrix {
  1.000000,0.000000,0.000000,0.000000,0.000000,1.000000,0.000000,0.000000,0.000000,-0.000000,1.000000,0.000000,0.000073,0.000796,0.000173,1.000000;;
 }

 Frame pelvis {
  

  FrameTransformMatrix {
   0.000000,1.000000,-0.000001,0.000000,1.000000,0.000000,0.000003,0.000000,0.000003,-0.000001,-1.000000,0.000000,0.000001,9.663806,-0.082704,1.000000;;
  }

  Frame spine_01 {
   

   FrameTransformMatrix {
    1.000000,-0.000000,0.000795,0.000000,0.000000,1.000000,0.000077,0.000000,-0.000795,-0.000077,1.000000,0.000000,0.949030,0.000001,-0.000643,1.000000;;
   }

   Frame spine_02 {
    

    FrameTransformMatrix {
     0.996195,-0.000005,-0.087155,0.000000,-0.000001,1.000000,-0.000073,0.000000,0.087155,0.000073,0.996195,0.000000,0.807829,0.000000,-0.001242,1.000000;;
    }

    Frame spine_03 {
     

     FrameTransformMatrix {
      0.996195,0.000000,-0.087155,0.000000,-0.000000,1.000000,-0.000001,0.000000,0.087155,0.000001,0.996195,0.000000,1.576859,-0.000000,-0.001741,1.000000;;
     }

     Frame neck_01 {
      

      FrameTransformMatrix {
       0.948323,-0.000000,0.317304,0.000000,-0.000000,1.000000,0.000001,0.000000,-0.317304,-0.000001,0.948324,0.000000,2.264008,-0.000001,0.187082,1.000000;;
      }

      Frame head {
       

       FrameTransformMatrix {
        1.000000,0.000000,-0.000799,0.000000,0.000000,1.000000,-0.000000,0.000000,0.000799,-0.000000,1.000000,0.000000,0.713142,0.000000,0.000000,1.000000;;
       }

       Frame face_root {
        

        FrameTransformMatrix {
         1.000000,-0.000000,0.000000,0.000000,0.000000,1.000000,0.000000,0.000000,-0.000000,-0.000000,1.000000,0.000000,0.154135,-0.000001,0.063654,1.000000;;
        }

        Frame eyebrows_pos_root {
         

         FrameTransformMatrix {
          1.000000,0.000000,-0.000000,0.000000,-0.000000,1.000000,-0.000004,0.000000,0.000000,0.000004,1.000000,0.000000,1.122577,-0.000000,-0.010786,1.000000;;
         }

         Frame eyebrows_root {
          

          FrameTransformMatrix {
           1.000000,-0.000000,0.000000,0.000000,-0.000000,1.000000,0.000003,0.000000,-0.000000,-0.000003,1.000000,0.000000,0.000000,0.000000,0.000000,1.000000;;
          }

          Frame eyebrows_r {
           

           FrameTransformMatrix {
            -0.023035,-0.195199,0.980494,0.000000,0.247848,-0.951252,-0.183554,0.000000,0.968525,0.238785,0.070292,0.000000,0.000000,-0.000000,0.000003,1.000000;;
           }
          }

          Frame eyebrows_l {
           

           FrameTransformMatrix {
            -0.023039,0.195204,0.980492,0.000000,-0.247849,-0.951251,0.183559,0.000000,0.968525,-0.238785,0.070297,0.000000,0.000000,-0.000000,0.000003,1.000000;;
           }
          }

          Frame eyebrow_l {
           

           FrameTransformMatrix {
            -0.200979,0.782291,0.589601,0.000000,0.374326,-0.494876,0.784206,0.000000,0.905256,0.378311,-0.193372,0.000000,0.030182,0.000000,0.347615,1.000000;;
           }
          }

          Frame eyebrow_r {
           

           FrameTransformMatrix {
            -0.200980,-0.782289,0.589603,0.000000,-0.374331,-0.494876,-0.784203,0.000000,0.905253,-0.378316,-0.193375,0.000000,0.030182,0.000000,0.347615,1.000000;;
           }
          }
         }

         Frame forehead_root {
          

          FrameTransformMatrix {
           1.000000,-0.000000,0.000000,0.000000,-0.000000,1.000000,0.000003,0.000000,-0.000000,-0.000003,1.000000,0.000000,0.000000,0.000000,0.000000,1.000000;;
          }

          Frame forehead {
           

           FrameTransformMatrix {
            0.342021,0.000000,0.939692,0.000000,-0.000000,1.000000,-0.000000,0.000000,-0.939692,0.000000,0.342021,0.000000,0.000000,0.000000,0.000000,1.000000;;
           }
          }
         }
        }

        Frame jaw_pos_root {
         

         FrameTransformMatrix {
          1.000000,0.000002,-0.000000,0.000000,-0.000002,1.000000,0.000003,0.000000,-0.000000,-0.000003,1.000000,0.000000,0.300357,0.000000,0.056819,1.000000;;
         }

         Frame jaw_root {
          

          FrameTransformMatrix {
           1.000000,-0.000000,0.000000,0.000000,0.000000,1.000000,0.000000,0.000000,-0.000000,-0.000000,1.000000,0.000000,0.000000,0.000000,0.000000,1.000000;;
          }

          Frame jaw {
           

           FrameTransformMatrix {
            -0.301815,0.000006,0.953366,0.000000,-0.000004,-1.000000,0.000005,0.000000,0.953367,-0.000003,0.301815,0.000000,0.000002,0.000000,0.000002,1.000000;;
           }

           Frame mouth_down_pos_root {
            

            FrameTransformMatrix {
             -0.318404,-0.000001,0.947955,0.000000,0.000002,-1.000000,-0.000000,0.000000,0.947955,0.000001,0.318405,0.000000,0.616377,-0.000001,0.170959,1.000000;;
            }

            Frame mouth_down_root {
             

             FrameTransformMatrix {
              1.000000,-0.000000,-0.000003,0.000000,0.000000,1.000000,-0.000000,0.000000,0.000003,0.000000,1.000000,0.000000,0.000000,0.000000,0.000000,1.000000;;
             }

             Frame lip_bm_01 {
              

              FrameTransformMatrix {
               -0.583433,-0.000011,0.812162,0.000000,0.000008,-1.000000,-0.000008,0.000000,0.812162,0.000002,0.583433,0.000000,0.000003,0.000000,-0.000001,1.000000;;
              }

              Frame lip_bm_02 {
               

               FrameTransformMatrix {
                -0.167156,0.000000,0.985930,0.000000,-0.000001,-1.000000,0.000000,0.000000,0.985930,-0.000001,0.167156,0.000000,0.300547,0.000000,0.000001,1.000000;;
               }
              }
             }

             Frame lip_br {
              

              FrameTransformMatrix {
               -0.376829,-0.481253,0.791451,0.000000,0.261702,-0.874942,-0.407418,0.000000,0.888545,0.053597,0.455649,0.000000,0.000003,0.000000,-0.000001,1.000000;;
              }
             }

             Frame lip_bl {
              

              FrameTransformMatrix {
               -0.376822,0.481250,0.791457,0.000000,-0.261702,-0.874943,0.407415,0.000000,0.888548,-0.053603,0.455642,0.000000,0.000003,0.000000,-0.000001,1.000000;;
              }
             }
            }
           }

           Frame jaw_01 {
            

            FrameTransformMatrix {
             -0.318405,-0.000001,0.947955,0.000000,0.000001,-1.000000,-0.000001,0.000000,0.947955,0.000001,0.318406,0.000000,0.893162,0.000002,-0.094194,1.000000;;
            }

            Frame jaw_02 {
             

             FrameTransformMatrix {
              1.000000,-0.000000,0.000000,0.000000,0.000000,1.000000,0.000001,0.000000,-0.000000,-0.000001,1.000000,0.000000,0.000000,0.000000,-0.000000,1.000000;;
             }
            }
           }
          }
         }
        }

        Frame cheek_pos_root {
         

         FrameTransformMatrix {
          1.000000,0.000000,0.000000,0.000000,-0.000000,1.000000,-0.000000,0.000000,0.000000,0.000000,1.000000,0.000000,0.358550,0.000002,0.426683,1.000000;;
         }

         Frame cheek_root {
          

          FrameTransformMatrix {
           1.000000,-0.000000,0.000000,0.000000,-0.000000,1.000000,0.000000,0.000000,0.000000,0.000000,1.000000,0.000000,-0.000005,0.000000,0.000000,1.000000;;
          }

          Frame cheek_r {
           

           FrameTransformMatrix {
            -0.298951,-0.858919,0.415796,0.000000,0.058413,-0.451376,-0.890420,0.000000,0.952479,-0.241904,0.185111,0.000000,0.000002,0.000001,-0.000001,1.000000;;
           }
          }

          Frame cheek_l {
           

           FrameTransformMatrix {
            -0.298950,0.858920,0.415796,0.000000,-0.058417,-0.451377,0.890419,0.000000,0.952479,0.241901,0.185114,0.000000,0.000002,0.000001,-0.000001,1.000000;;
           }
          }
         }
        }

        Frame nose_side_root {
         

         FrameTransformMatrix {
          1.000000,0.000000,0.000000,0.000000,-0.000000,1.000000,-0.000000,0.000000,0.000000,0.000000,1.000000,0.000000,0.373521,0.000000,0.065354,1.000000;;
         }

         Frame nose_side_r_01 {
          

          FrameTransformMatrix {
           1.000000,-0.000000,-0.000000,0.000000,-0.000000,1.000000,0.000000,0.000000,0.000000,0.000000,1.000000,0.000000,0.000000,0.000000,0.000000,1.000000;;
          }

          Frame nose_side_r_02 {
           

           FrameTransformMatrix {
            0.200133,-0.261608,0.944197,0.000000,-0.047332,-0.965150,-0.257381,0.000000,0.978625,0.006820,-0.205541,0.000000,0.000000,0.000000,-0.000000,1.000000;;
           }
          }
         }

         Frame nose_side_l_01 {
          

          FrameTransformMatrix {
           1.000000,-0.000000,-0.000000,0.000000,-0.000000,1.000000,0.000000,0.000000,0.000000,0.000000,1.000000,0.000000,0.000000,0.000000,0.000000,1.000000;;
          }

          Frame nose_side_l_02 {
           

           FrameTransformMatrix {
            0.200130,0.261610,0.944197,0.000000,0.047330,-0.965150,0.257383,0.000000,0.978625,-0.006821,-0.205537,0.000000,0.000000,0.000000,-0.000000,1.000000;;
           }
          }
         }
        }

        Frame eye_pos_r_root {
         

         FrameTransformMatrix {
          1.000000,0.000000,0.000000,0.000000,-0.000000,1.000000,-0.000000,0.000000,0.000000,0.000000,1.000000,0.000000,0.754277,-0.276942,0.616079,1.000000;;
         }

         Frame eye_r_root {
          

          FrameTransformMatrix {
           1.000000,-0.000000,-0.000000,0.000000,0.000000,1.000000,0.000000,0.000000,0.000000,0.000000,1.000000,0.000000,-0.019542,-0.060255,0.002921,1.000000;;
          }

          Frame eye_rot_r_root {
           

           FrameTransformMatrix {
            0.147807,0.000000,0.989016,0.000000,-0.000003,-1.000000,0.000000,0.000000,0.989016,-0.000003,-0.147807,0.000000,0.115984,0.000000,-0.030462,1.000000;;
           }

           Frame eye_lid_u_r {
            

            FrameTransformMatrix {
             0.965518,0.068017,0.251293,0.000000,-0.034651,0.990254,-0.134897,0.000000,-0.258019,0.121538,0.958465,0.000000,0.000003,0.000000,0.000000,1.000000;;
            }
           }

           Frame eye_r {
            

            FrameTransformMatrix {
             1.000000,-0.000001,-0.000000,0.000000,0.000001,1.000000,0.000000,0.000000,0.000000,-0.000000,1.000000,0.000000,0.000003,0.000000,0.000000,1.000000;;
            }
           }

           Frame eye_lid_b_r {
            

            FrameTransformMatrix {
             0.921511,0.066799,-0.382565,0.000000,-0.036932,0.995705,0.084898,0.000000,0.386592,-0.064105,0.920020,0.000000,0.000003,0.000000,0.000000,1.000000;;
            }
           }
          }
         }
        }

        Frame eye_pos_l_root {
         

         FrameTransformMatrix {
          1.000000,0.000000,0.000000,0.000000,-0.000000,1.000000,-0.000000,0.000000,0.000000,0.000000,1.000000,0.000000,0.754305,0.276948,0.616082,1.000000;;
         }

         Frame eye_l_root {
          

          FrameTransformMatrix {
           1.000000,-0.000000,-0.000000,0.000000,0.000000,1.000000,0.000000,0.000000,0.000000,0.000000,1.000000,0.000000,-0.019539,0.060284,0.002920,1.000000;;
          }

          Frame eye_rot_l_root {
           

           FrameTransformMatrix {
            0.147807,0.000000,0.989016,0.000000,-0.000003,-1.000000,0.000000,0.000000,0.989016,-0.000003,-0.147807,0.000000,0.115977,0.000000,-0.030462,1.000000;;
           }

           Frame eye_lid_u_l {
            

            FrameTransformMatrix {
             0.965518,-0.068024,0.251293,0.000000,0.034657,0.990253,0.134897,0.000000,-0.258020,-0.121537,0.958465,0.000000,0.000003,0.000002,0.000003,1.000000;;
            }
           }

           Frame eye_l {
            

            FrameTransformMatrix {
             1.000000,-0.000001,-0.000000,0.000000,0.000001,1.000000,0.000000,0.000000,0.000000,-0.000000,1.000000,0.000000,0.000003,0.000002,0.000003,1.000000;;
            }
           }

           Frame eye_lid_b_l {
            

            FrameTransformMatrix {
             0.921510,-0.066808,-0.382565,0.000000,0.036941,0.995705,-0.084898,0.000000,0.386593,0.064102,0.920020,0.000000,0.000003,0.000002,0.000003,1.000000;;
            }
           }
          }
         }
        }

        Frame nose_pos_root {
         

         FrameTransformMatrix {
          1.000000,0.000000,-0.000000,0.000000,-0.000000,1.000000,-0.000002,0.000000,0.000000,0.000002,1.000000,0.000000,0.669200,0.000001,1.039557,1.000000;;
         }

         Frame nose {
          

          FrameTransformMatrix {
           1.000000,-0.000000,0.000000,0.000000,0.000000,1.000000,0.000000,0.000000,0.000000,-0.000000,1.000000,0.000000,0.000002,0.000000,0.000000,1.000000;;
          }
         }
        }

        Frame mouth_up_pos_root {
         

         FrameTransformMatrix {
          1.000000,0.000000,0.000000,0.000000,-0.000000,1.000000,-0.000000,0.000000,0.000000,0.000000,1.000000,0.000000,0.284325,0.000002,0.687641,1.000000;;
         }

         Frame mouth_up_root {
          

          FrameTransformMatrix {
           1.000000,0.000000,0.000000,0.000000,-0.000000,1.000000,-0.000001,0.000000,-0.000000,0.000001,1.000000,0.000000,0.000000,0.000000,0.000000,1.000000;;
          }

          Frame lip_ul {
           

           FrameTransformMatrix {
            0.100879,0.517011,0.850013,0.000000,0.304870,-0.829334,0.468252,0.000000,0.947037,0.211907,-0.241284,0.000000,0.000002,-0.000001,0.000001,1.000000;;
           }
          }

          Frame lip_um_01 {
           

           FrameTransformMatrix {
            0.295997,-0.000003,0.955189,0.000000,-0.000000,-1.000000,-0.000002,0.000000,0.955189,0.000000,-0.295997,0.000000,0.000002,-0.000001,0.000001,1.000000;;
           }

           Frame lip_um_02 {
            

            FrameTransformMatrix {
             0.065270,0.000000,-0.997868,0.000000,-0.000002,-1.000000,-0.000000,0.000000,-0.997868,0.000002,-0.065270,0.000000,0.310653,-0.000002,-0.000003,1.000000;;
            }
           }
          }

          Frame lip_ur {
           

           FrameTransformMatrix {
            0.100881,-0.517016,0.850010,0.000000,-0.304881,-0.829329,-0.468253,0.000000,0.947032,-0.211914,-0.241292,0.000000,0.000002,-0.000001,0.000001,1.000000;;
           }
          }

          Frame lip_l {
           

           FrameTransformMatrix {
            -0.211591,0.843236,0.494148,0.000000,-0.191180,-0.531538,0.825177,0.000000,0.958477,0.080129,0.273679,0.000000,0.000003,-0.000001,0.000001,1.000000;;
           }
          }

          Frame lip_r {
           

           FrameTransformMatrix {
            -0.211589,-0.843236,0.494148,0.000000,0.191166,-0.531536,-0.825182,0.000000,0.958481,-0.080135,0.273666,0.000000,0.000003,-0.000001,0.000001,1.000000;;
           }
          }
         }
        }
       }

       Frame hair_root {
        

        FrameTransformMatrix {
         1.000000,-0.000000,0.000000,0.000000,0.000000,1.000000,0.000000,0.000000,-0.000000,-0.000000,1.000000,0.000000,0.000000,-0.000000,-0.000002,1.000000;;
        }

        Frame hair_b_01 {
         

         FrameTransformMatrix {
          -0.997876,0.000000,-0.065139,0.000000,0.000000,1.000000,-0.000001,0.000000,0.065139,-0.000001,-0.997876,0.000000,1.742969,0.000193,-0.980474,1.000000;;
         }

         Frame hair_b_02 {
          

          FrameTransformMatrix {
           0.956482,-0.000000,-0.291792,0.000000,0.000000,1.000000,0.000000,0.000000,0.291792,-0.000000,0.956482,0.000000,0.932228,-0.000001,0.000001,1.000000;;
          }
         }
        }

        Frame hair_l_01 {
         

         FrameTransformMatrix {
          -0.966553,0.211915,0.144450,0.000000,0.147808,0.000007,0.989016,0.000000,0.209586,0.977288,-0.031329,0.000000,1.866588,0.657295,-0.153307,1.000000;;
         }

         Frame hair_l_02 {
          

          FrameTransformMatrix {
           0.956482,-0.000000,-0.291792,0.000000,0.000000,1.000000,0.000001,0.000000,0.291792,-0.000001,0.956482,0.000000,0.932234,0.000002,-0.000002,1.000000;;
          }
         }
        }

        Frame hair_r_01 {
         

         FrameTransformMatrix {
          -0.966554,-0.211914,0.144451,0.000000,-0.147808,-0.000002,-0.989016,0.000000,0.209587,-0.977288,-0.031321,0.000000,1.866589,-0.656932,-0.153303,1.000000;;
         }

         Frame hair_r_02 {
          

          FrameTransformMatrix {
           0.956482,0.000000,-0.291792,0.000000,0.000000,1.000000,0.000000,0.000000,0.291792,-0.000000,0.956482,0.000000,0.932228,-0.000001,0.000001,1.000000;;
          }
         }
        }

        Frame hair_f_02 {
         

         FrameTransformMatrix {
          -0.974059,0.078557,0.212221,0.000000,0.113227,-0.642787,0.757631,0.000000,0.195930,0.762007,0.617217,0.000000,1.946609,0.456583,0.382156,1.000000;;
         }
        }

        Frame hair_f_01 {
         

         FrameTransformMatrix {
          -0.871335,0.000000,0.490688,0.000000,0.000000,-1.000000,0.000002,0.000000,0.490688,0.000002,0.871335,0.000000,1.985643,0.000197,0.643342,1.000000;;
         }
        }

        Frame hair_b_pt_01 {
         

         FrameTransformMatrix {
          0.045061,-0.000002,-0.998984,0.000000,-0.000001,-1.000000,0.000002,0.000000,-0.998984,0.000000,-0.045061,0.000000,1.066321,0.000001,-0.825239,1.000000;;
         }

         Frame hair_b_pt_02 {
          

          FrameTransformMatrix {
           0.207923,-0.000000,0.978145,0.000000,0.000000,1.000000,0.000000,0.000000,-0.978145,0.000000,0.207923,0.000000,0.512410,0.000000,0.000000,1.000000;;
          }

          Frame hair_b_pt_03 {
           

           FrameTransformMatrix {
            0.991869,0.000000,0.127263,0.000000,-0.000000,1.000000,0.000000,0.000000,-0.127263,-0.000000,0.991869,0.000000,0.521820,0.000000,0.000000,1.000000;;
           }

           Frame hair_b_pt_04 {
            

            FrameTransformMatrix {
             0.984371,0.000000,0.176107,0.000000,-0.000000,1.000000,0.000001,0.000000,-0.176107,-0.000001,0.984371,0.000000,0.638564,-0.000000,0.000001,1.000000;;
            }

            Frame hair_b_pt_05 {
             

             FrameTransformMatrix {
              0.999552,0.000000,0.029940,0.000000,-0.000000,1.000000,-0.000001,0.000000,-0.029940,0.000001,0.999552,0.000000,0.558778,-0.000000,-0.000000,1.000000;;
             }
            }
           }
          }
         }
        }
       }

       Frame camera_fpp {
        

        FrameTransformMatrix {
         0.000000,1.000000,-0.000001,0.000000,0.166325,0.000001,0.986071,0.000000,0.986071,-0.000000,-0.166325,0.000000,1.043005,0.000001,0.823998,1.000000;;
        }

        Frame GunReferencePoint {
         

         FrameTransformMatrix {
          -0.000625,0.999994,0.003502,0.000000,-0.050672,-0.003529,0.998709,0.000000,0.998715,0.000447,0.050674,0.000000,-0.722378,0.188299,-1.855832,1.000000;;
         }
        }

        Frame GunRef {
         

         FrameTransformMatrix {
          -0.000000,1.000000,-0.000001,0.000000,-0.000000,0.000001,1.000000,0.000000,1.000000,0.000000,0.000000,0.000000,-0.722378,0.188299,-1.855832,1.000000;;
         }
        }
       }
      }
     }

     Frame breast_l {
      

      FrameTransformMatrix {
       -0.100492,0.492404,0.864546,0.000000,-0.042518,0.866025,-0.498189,0.000000,-0.994029,-0.086823,-0.066092,0.000000,0.544356,0.100000,0.237548,1.000000;;
      }
     }

     Frame breast_r {
      

      FrameTransformMatrix {
       -0.100490,-0.492403,0.864546,0.000000,-0.042521,-0.866026,-0.498188,0.000000,0.994029,-0.086824,0.066089,0.000000,0.544356,-0.100000,0.237548,1.000000;;
      }
     }

     Frame clavicle_l {
      

      FrameTransformMatrix {
       -0.294884,0.953765,-0.058107,0.000000,0.955533,0.294287,-0.018762,0.000000,-0.000794,-0.061056,-0.998134,0.000000,1.838614,0.342664,-0.053449,1.000000;;
      }

      Frame upperarm_l {
       

       FrameTransformMatrix {
        0.820603,-0.571262,0.016463,0.000000,0.570230,0.816521,-0.090174,0.000000,0.038070,0.083385,0.995790,0.000000,1.327518,0.000000,-0.000000,1.000000;;
       }

       Frame lowerarm_l {
        

        FrameTransformMatrix {
         0.940180,0.000094,-0.340676,0.000000,-0.000091,1.000000,0.000024,0.000000,0.340676,0.000009,0.940181,0.000000,2.352226,0.000081,-0.000366,1.000000;;
        }

        Frame hand_l {
         

         FrameTransformMatrix {
          0.996288,-0.080569,-0.030305,0.000000,0.058074,0.369255,0.927512,0.000000,-0.063538,-0.925829,0.372564,0.000000,2.548892,0.000004,0.000020,1.000000;;
         }

         Frame thumb_01_l {
          

          FrameTransformMatrix {
           0.739269,-0.569797,0.358906,0.000000,0.658265,0.499056,-0.563587,0.000000,0.142016,0.652898,0.744014,0.000000,0.211738,-0.234211,0.050912,1.000000;;
          }

          Frame thumb_02_l {
           

           FrameTransformMatrix {
            0.998705,0.000001,0.050864,0.000000,-0.000001,1.000000,0.000001,0.000000,-0.050865,-0.000000,0.998706,0.000000,0.411148,-0.000000,-0.000001,1.000000;;
           }

           Frame thumb_03_l {
            

            FrameTransformMatrix {
             0.999627,-0.000000,0.027321,0.000000,0.000000,1.000000,-0.000000,0.000000,-0.027321,0.000000,0.999627,0.000000,0.369746,0.000000,0.000002,1.000000;;
            }

            Frame thumb_04_l_MBONLY {
             

             FrameTransformMatrix {
              1.000000,0.000000,0.000000,0.000000,-0.000000,0.953533,-0.301287,0.000000,0.000000,0.301288,0.953533,0.000000,0.258973,-0.000001,0.000002,1.000000;;
             }
            }
           }
          }
         }

         Frame index_01_l {
          

          FrameTransformMatrix {
           0.945772,-0.071103,0.316955,0.000000,0.098212,0.992675,-0.070369,0.000000,-0.309629,0.097681,0.945827,0.000000,0.954042,-0.287528,0.009869,1.000000;;
          }

          Frame index_02_l {
           

           FrameTransformMatrix {
            0.986660,0.000000,0.162794,0.000000,-0.000001,1.000000,0.000000,0.000000,-0.162794,-0.000000,0.986660,0.000000,0.372388,0.000000,-0.000001,1.000000;;
           }

           Frame index_03_l {
            

            FrameTransformMatrix {
             0.972901,0.000000,0.231221,0.000000,-0.000000,1.000000,0.000000,0.000000,-0.231221,-0.000000,0.972902,0.000000,0.213393,0.000001,0.000001,1.000000;;
            }

            Frame index_04_l_MBONLY {
             

             FrameTransformMatrix {
              1.000000,-0.000000,-0.000000,0.000000,0.000000,0.980719,0.195421,0.000000,0.000000,-0.195422,0.980719,0.000000,0.302760,0.000001,-0.000002,1.000000;;
             }
            }
           }
          }
         }

         Frame middle_01_l {
          

          FrameTransformMatrix {
           0.939790,0.043340,0.338995,0.000000,-0.036714,0.998989,-0.025939,0.000000,-0.339777,0.011931,0.940431,0.000000,0.980510,-0.095152,-0.049626,1.000000;;
          }

          Frame middle_02_l {
           

           FrameTransformMatrix {
            0.985202,0.000000,0.171396,0.000000,-0.000000,1.000000,-0.000000,0.000000,-0.171397,0.000001,0.985202,0.000000,0.383796,-0.000000,-0.000001,1.000000;;
           }

           Frame middle_03_l {
            

            FrameTransformMatrix {
             0.990376,-0.000000,0.138405,0.000000,0.000000,1.000000,-0.000000,0.000000,-0.138405,0.000000,0.990376,0.000000,0.218412,-0.000000,0.000001,1.000000;;
            }

            Frame middle_04_l_MBONLY {
             

             FrameTransformMatrix {
              1.000000,0.000000,0.000000,0.000000,-0.000000,0.998172,0.060439,0.000000,-0.000000,-0.060439,0.998172,0.000000,0.302759,-0.000000,0.000001,1.000000;;
             }
            }
           }
          }
         }

         Frame ring_01_l {
          

          FrameTransformMatrix {
           0.961658,0.100733,0.255084,0.000000,-0.114436,0.992648,0.039423,0.000000,-0.249238,-0.067102,0.966115,0.000000,0.953387,0.124639,-0.004267,1.000000;;
          }

          Frame ring_02_l {
           

           FrameTransformMatrix {
            0.987792,-0.000000,0.155778,0.000000,0.000000,1.000000,0.000001,0.000000,-0.155778,-0.000001,0.987792,0.000000,0.326634,-0.000000,-0.000002,1.000000;;
           }

           Frame ring_03_l {
            

            FrameTransformMatrix {
             0.979639,0.000000,0.200767,0.000000,-0.000000,1.000000,-0.000000,0.000000,-0.200767,0.000000,0.979639,0.000000,0.260165,0.000000,0.000000,1.000000;;
            }

            Frame ring_04_l_MBONLY {
             

             FrameTransformMatrix {
              1.000000,0.000000,-0.000000,0.000000,0.000000,0.999017,-0.044329,0.000000,0.000000,0.044329,0.999017,0.000000,0.270737,0.000000,0.000002,1.000000;;
             }
            }
           }
          }
         }

         Frame pinky_01_l {
          

          FrameTransformMatrix {
           0.928587,0.259799,0.265013,0.000000,-0.277165,0.960363,0.029698,0.000000,-0.246794,-0.101030,0.963787,0.000000,0.896047,0.291404,0.046696,1.000000;;
          }

          Frame pinky_02_l {
           

           FrameTransformMatrix {
            0.977176,0.000000,0.212431,0.000000,-0.000000,1.000000,0.000000,0.000000,-0.212431,-0.000000,0.977176,0.000000,0.257500,0.000000,-0.000002,1.000000;;
           }

           Frame pinky_03_l {
            

            FrameTransformMatrix {
             0.991222,-0.000000,0.132210,0.000000,0.000000,1.000000,-0.000000,0.000000,-0.132209,-0.000000,0.991222,0.000000,0.165690,-0.000000,0.000000,1.000000;;
            }

            Frame pinky_04_l_MBONLY {
             

             FrameTransformMatrix {
              1.000000,-0.000000,0.000000,0.000000,0.000000,0.969647,-0.244509,0.000000,-0.000000,0.244509,0.969647,0.000000,0.213843,0.000000,-0.000000,1.000000;;
             }
            }
           }
          }
         }

         Frame item_l {
          

          FrameTransformMatrix {
           1.000000,0.000000,0.000000,0.000000,-0.000000,1.000000,0.000000,0.000000,0.000000,-0.000000,1.000000,0.000000,0.600819,-0.000001,0.405225,1.000000;;
          }
         }
        }

        Frame lowerarm_twist_01_l {
         

         FrameTransformMatrix {
          -1.000000,0.000000,0.000000,0.000000,0.000000,0.369727,0.929141,0.000000,-0.000000,0.929141,-0.369727,0.000000,2.546940,-0.000002,-0.000001,1.000000;;
         }
        }
       }

       Frame upperarm_twist_01_l {
        

        FrameTransformMatrix {
         1.000000,0.000000,-0.000000,0.000000,-0.000001,0.998222,-0.059611,0.000000,0.000000,0.059611,0.998222,0.000000,0.000001,0.000000,0.000000,1.000000;;
        }
       }
      }
     }

     Frame clavicle_r {
      

      FrameTransformMatrix {
       -0.294884,-0.953765,-0.058103,0.000000,-0.955532,0.294288,0.018761,0.000000,-0.000794,0.061051,-0.998134,0.000000,1.838617,-0.342664,-0.053447,1.000000;;
      }

      Frame upperarm_r {
       

       FrameTransformMatrix {
        0.820602,0.571263,0.016461,0.000000,-0.570231,0.816521,0.090174,0.000000,0.038072,-0.083384,0.995790,0.000000,1.327517,0.000000,-0.000000,1.000000;;
       }

       Frame lowerarm_r {
        

        FrameTransformMatrix {
         0.940183,-0.000094,-0.340673,0.000000,0.000092,1.000000,-0.000023,0.000000,0.340673,-0.000010,0.940183,0.000000,2.352238,-0.000291,-0.000571,1.000000;;
        }

        Frame hand_r {
         

         FrameTransformMatrix {
          0.996288,0.080579,-0.030270,0.000000,-0.058074,0.369665,-0.927348,0.000000,-0.063535,0.925665,0.372972,0.000000,2.548892,-0.000008,0.000077,1.000000;;
         }

         Frame thumb_01_r {
          

          FrameTransformMatrix {
           0.739270,0.569796,0.358906,0.000000,-0.658265,0.499058,0.563586,0.000000,0.142014,-0.652897,0.744015,0.000000,0.211737,0.234211,0.050913,1.000000;;
          }

          Frame thumb_02_r {
           

           FrameTransformMatrix {
            0.998841,-0.015592,0.045531,0.000000,0.015573,0.999878,0.000752,0.000000,-0.045537,-0.000042,0.998963,0.000000,0.411144,0.000002,-0.000002,1.000000;;
           }

           Frame thumb_03_r {
            

            FrameTransformMatrix {
             0.999627,-0.000000,0.027321,0.000000,0.000000,1.000000,0.000000,0.000000,-0.027321,-0.000000,0.999627,0.000000,0.369747,-0.000001,-0.000002,1.000000;;
            }

            Frame thumb_04_r_MBONLY {
             

             FrameTransformMatrix {
              1.000000,-0.000000,-0.000000,0.000000,-0.000000,1.000000,0.000000,0.000000,0.000000,0.000000,1.000000,0.000000,0.258971,-0.000000,0.000001,1.000000;;
             }
            }
           }
          }
         }

         Frame index_01_r {
          

          FrameTransformMatrix {
           0.945772,0.071102,0.316956,0.000000,-0.098211,0.992675,0.070368,0.000000,-0.309631,-0.097681,0.945827,0.000000,0.954040,0.287527,0.009870,1.000000;;
          }

          Frame index_02_r {
           

           FrameTransformMatrix {
            0.986661,0.000000,0.162790,0.000000,-0.000000,1.000000,-0.000000,0.000000,-0.162790,0.000000,0.986661,0.000000,0.372385,0.000001,-0.000003,1.000000;;
           }

           Frame index_03_r {
            

            FrameTransformMatrix {
             0.972901,-0.000000,0.231223,0.000000,0.000000,1.000000,0.000000,0.000000,-0.231223,-0.000000,0.972901,0.000000,0.213394,-0.000001,0.000004,1.000000;;
            }

            Frame index_04_r_MBONLY {
             

             FrameTransformMatrix {
              1.000000,0.000000,-0.000000,0.000000,0.000000,1.000000,0.000000,0.000000,0.000000,-0.000000,1.000000,0.000000,0.302759,-0.000001,0.000000,1.000000;;
             }
            }
           }
          }
         }

         Frame middle_01_r {
          

          FrameTransformMatrix {
           0.939789,-0.043340,0.338996,0.000000,0.036714,0.998990,0.025939,0.000000,-0.339778,-0.011931,0.940430,0.000000,0.980511,0.095151,-0.049628,1.000000;;
          }

          Frame middle_02_r {
           

           FrameTransformMatrix {
            0.985202,0.000000,0.171397,0.000000,-0.000000,1.000000,0.000000,0.000000,-0.171397,-0.000000,0.985202,0.000000,0.383797,-0.000000,0.000000,1.000000;;
           }

           Frame middle_03_r {
            

            FrameTransformMatrix {
             0.990376,0.000000,0.138405,0.000000,0.000000,1.000000,-0.000001,0.000000,-0.138405,0.000000,0.990376,0.000000,0.218411,-0.000000,0.000000,1.000000;;
            }

            Frame middle_04_r_MBONLY {
             

             FrameTransformMatrix {
              1.000000,-0.000000,-0.000000,0.000000,0.000000,1.000000,0.000001,0.000000,-0.000000,-0.000000,1.000000,0.000000,0.302761,-0.000000,0.000001,1.000000;;
             }
            }
           }
          }
         }

         Frame ring_01_r {
          

          FrameTransformMatrix {
           0.961658,-0.100733,0.255084,0.000000,0.114436,0.992649,-0.039424,0.000000,-0.249237,0.067103,0.966115,0.000000,0.953388,-0.124639,-0.004267,1.000000;;
          }

          Frame ring_02_r {
           

           FrameTransformMatrix {
            0.987792,-0.000000,0.155780,0.000000,0.000000,1.000000,0.000000,0.000000,-0.155780,-0.000000,0.987792,0.000000,0.326637,-0.000001,0.000002,1.000000;;
           }

           Frame ring_03_r {
            

            FrameTransformMatrix {
             0.979639,0.000000,0.200766,0.000000,-0.000000,1.000000,-0.000001,0.000000,-0.200766,0.000000,0.979639,0.000000,0.260168,0.000001,-0.000002,1.000000;;
            }

            Frame ring_04_r_MBONLY {
             

             FrameTransformMatrix {
              1.000000,0.000000,0.000000,0.000000,-0.000000,1.000000,0.000000,0.000000,-0.000000,-0.000000,1.000000,0.000000,0.270741,-0.000001,-0.000000,1.000000;;
             }
            }
           }
          }
         }

         Frame pinky_01_r {
          

          FrameTransformMatrix {
           0.928587,-0.259799,0.265014,0.000000,0.277165,0.960364,-0.029698,0.000000,-0.246794,0.101030,0.963788,0.000000,0.896045,-0.291404,0.046694,1.000000;;
          }

          Frame pinky_02_r {
           

           FrameTransformMatrix {
            0.977176,0.000000,0.212432,0.000000,-0.000000,1.000000,-0.000000,0.000000,-0.212432,0.000000,0.977176,0.000000,0.257503,0.000000,0.000000,1.000000;;
           }

           Frame pinky_03_r {
            

            FrameTransformMatrix {
             0.991222,0.000000,0.132210,0.000000,-0.000000,1.000000,-0.000000,0.000000,-0.132210,0.000000,0.991222,0.000000,0.165688,0.000000,0.000000,1.000000;;
            }

            Frame pinky_04_r_MBONLY {
             

             FrameTransformMatrix {
              1.000000,-0.000000,-0.000000,0.000000,0.000000,1.000000,0.000001,0.000000,0.000000,-0.000000,1.000000,0.000000,0.228636,-0.000000,-0.000000,1.000000;;
             }
            }
           }
          }
         }

         Frame item_r {
          

          FrameTransformMatrix {
           1.000000,0.000000,0.000000,0.000000,-0.000000,1.000000,-0.000000,0.000000,-0.000000,-0.000000,1.000001,0.000000,0.696001,0.015000,0.296998,1.000000;;
          }
         }
        }

        Frame lowerarm_twist_01_r {
         

         FrameTransformMatrix {
          -1.000000,-0.000000,-0.000000,0.000000,-0.000000,0.370290,-0.928916,0.000000,0.000000,-0.928916,-0.370289,0.000000,2.546940,0.000002,0.000000,1.000000;;
         }
        }
       }

       Frame upperarm_twist_01_r {
        

        FrameTransformMatrix {
         1.000000,0.000001,0.000000,0.000000,-0.000001,0.998222,0.059610,0.000000,0.000000,-0.059610,0.998222,0.000000,0.000001,0.000000,-0.000000,1.000000;;
        }
       }
      }
     }

     Frame backpack {
      

      FrameTransformMatrix {
       -0.991784,-0.017540,-0.126710,0.000000,-0.126730,0.000013,0.991937,0.000000,-0.017397,0.999846,-0.002236,0.000000,2.502445,0.000007,-2.015282,1.000000;;
      }

      Frame backpack_01 {
       

       FrameTransformMatrix {
        0.998912,-0.046640,0.000282,0.000000,0.046639,0.998912,0.000813,0.000000,-0.000320,-0.000799,1.000000,0.000000,2.678004,-1.010669,0.046983,1.000000;;
       }
      }

      Frame backpack_02 {
       

       FrameTransformMatrix {
        0.998307,-0.046640,0.034755,0.000000,0.046640,0.998912,0.000806,0.000000,-0.034755,0.000817,0.999396,0.000000,4.037288,0.069268,0.070588,1.000000;;
       }
      }
     }
    }
   }

   Frame coat_l_01 {
    

    FrameTransformMatrix {
     -0.945795,0.311206,-0.092856,0.000000,-0.324732,-0.910196,0.257084,0.000000,-0.004511,0.273302,0.961918,0.000000,0.756661,1.464741,-0.480727,1.000000;;
    }

    Frame coat_l_02 {
     

     FrameTransformMatrix {
      0.990222,0.139222,-0.008797,0.000000,-0.139217,0.990262,0.001237,0.000000,0.008884,-0.000000,0.999961,0.000000,1.328581,-0.000000,-0.000000,1.000000;;
     }

     Frame coat_l_03 {
      

      FrameTransformMatrix {
       0.999998,0.000001,-0.002257,0.000000,-0.000001,1.000000,0.000000,0.000000,0.002257,-0.000000,0.999997,0.000000,1.475414,0.000000,-0.000000,1.000000;;
      }

      Frame coat_l_04 {
       

       FrameTransformMatrix {
        0.999988,-0.000000,0.004752,0.000000,0.000000,1.000000,0.000000,0.000000,-0.004752,0.000000,0.999989,0.000000,1.742955,-0.000001,0.000000,1.000000;;
       }
      }
     }
    }
   }

   Frame coat_fl_01 {
    

    FrameTransformMatrix {
     -0.984862,0.155114,0.077377,0.000000,0.136445,0.418389,0.897961,0.000000,0.106912,0.894925,-0.433220,0.000000,0.597360,1.083167,1.143857,1.000000;;
    }

    Frame coat_fl_02 {
     

     FrameTransformMatrix {
      0.999678,-0.017352,-0.018490,0.000000,0.017349,0.999849,-0.000322,0.000000,0.018493,0.000001,0.999829,0.000000,1.319363,-0.000000,-0.000000,1.000000;;
     }

     Frame coat_fl_03 {
      

      FrameTransformMatrix {
       0.999883,-0.000000,0.015296,0.000000,0.000000,1.000001,0.000001,0.000000,-0.015296,-0.000001,0.999884,0.000000,1.401080,0.000001,-0.000000,1.000000;;
      }

      Frame coat_fl_04 {
       

       FrameTransformMatrix {
        0.999015,0.000000,0.044374,0.000000,-0.000000,1.000000,-0.000001,0.000000,-0.044374,0.000002,0.999015,0.000000,1.911142,0.000000,0.000000,1.000000;;
       }
      }
     }
    }
   }

   Frame coat_b_01 {
    

    FrameTransformMatrix {
